15 0.08359375 0.31171875 0.11640625 0.03046875
15 0.09296875 0.51796875 0.115625 0.0328125
15 0.43046875 0.5109375 0.10546875 0.02890625
51 0.296875 0.34765625 0.1046875 0.034375
51 0.3109375 0.1484375 0.11015625 0.04609375
51 0.6296875 0.18359375 0.0875 0.04140625
38 0.6078125 0.2984375 0.08671875 0.04765625
38 0.8828125 0.371875 0.0859375 0.04140625
38 0.81640625 0.53671875 0.0875 0.0375
38 0.540625 0.4765625 0.10546875 0.0421875
48 0.54296875 0.5546875 0.09765625 0.034375
48 0.55546875 0.73984375 0.0953125 0.03671875
48 0.215625 0.575 0.115625 0.046875
48 0.23671875 0.7703125 0.12421875 0.04296875