6 0.8796875 0.81171875 0.040625 0.078125
6 0.925 0.584375 0.040625 0.075
6 0.796875 0.5328125 0.0375 0.075
6 0.74765625 0.76015625 0.0421875 0.084375
41 0.69296875 0.725 0.0546875 0.096875
41 0.7671875 0.51328125 0.0484375 0.075
47 0.6234375 0.53828125 0.0625 0.0828125
47 0.7421875 0.3765625 0.05 0.065625
26 0.5796875 0.5375 0.040625 0.0734375
26 0.64921875 0.3328125 0.0421875 0.0671875
21 0.6359375 0.296875 0.0453125 0.0734375
49 0.4953125 0.34375 0.05 0.06875
49 0.503125 0.5671875 0.05625 0.0828125
18 0.44453125 0.30390625 0.053125 0.075
0 0.39765625 0.4671875 0.053125 0.084375
0 0.4140625 0.24375 0.0515625 0.078125
14 0.24140625 0.26953125 0.06875 0.0734375
14 0.3546875 0.1484375 0.0609375 0.0625
13 0.25 0.4203125 0.0578125 0.075
13 0.1875 0.2078125 0.053125 0.0734375
23 0.24453125 0.09140625 0.059375 0.0765625