6 0.24375 0.91875 0.0765625 0.03125
6 0.47578125 0.93203125 0.0734375 0.03125
6 0.509375 0.7984375 0.0734375 0.028125
6 0.2765625 0.78125 0.0828125 0.03125
41 0.30390625 0.721875 0.09375 0.04375
41 0.5234375 0.76640625 0.071875 0.040625
47 0.4796875 0.62734375 0.0765625 0.053125
47 0.65625 0.72265625 0.0625 0.0421875
26 0.47421875 0.58359375 0.0703125 0.0328125
26 0.6859375 0.62421875 0.0640625 0.0328125
21 0.71953125 0.60625 0.071875 0.0375
49 0.65390625 0.4734375 0.065625 0.0421875
49 0.43359375 0.5125 0.078125 0.046875
18 0.6859375 0.4171875 0.071875 0.0453125
0 0.51796875 0.39375 0.08125 0.0421875
0 0.7421875 0.37890625 0.075 0.0421875
14 0.6921875 0.21171875 0.0671875 0.0609375
14 0.828125 0.30703125 0.0578125 0.0546875
13 0.54375 0.24140625 0.0703125 0.05
13 0.7453125 0.15 0.06875 0.0453125
23 0.86875 0.190625 0.071875 0.0515625