15 0.1015625 0.27578125 0.1171875 0.040625
15 0.09296875 0.4828125 0.11875 0.0421875
15 0.4296875 0.5046875 0.1078125 0.0375
51 0.3109375 0.33046875 0.1078125 0.04375
51 0.3421875 0.13359375 0.1125 0.05625
51 0.65703125 0.19609375 0.090625 0.0484375
38 0.625 0.30859375 0.090625 0.0546875
38 0.8921875 0.40546875 0.0890625 0.0484375
38 0.81171875 0.5640625 0.090625 0.0453125
38 0.5421875 0.48046875 0.109375 0.0515625
48 0.53828125 0.55859375 0.1 0.0421875
48 0.534375 0.74375 0.0984375 0.0453125
48 0.21015625 0.55 0.11875 0.05625
48 0.2140625 0.74609375 0.128125 0.0546875