10 0.1734375 0.14921875 0.1203125 0.0578125
10 0.503125 0.115625 0.1015625 0.0515625
38 0.25546875 0.246875 0.1203125 0.0671875
38 0.575 0.25546875 0.103125 0.0578125
51 0.27734375 0.29765625 0.1203125 0.065625
51 0.596875 0.30859375 0.10625 0.0640625
15 0.62109375 0.36328125 0.1109375 0.0609375
15 0.31015625 0.3671875 0.1109375 0.0546875
48 0.340625 0.40078125 0.115625 0.059375
48 0.653125 0.40546875 0.096875 0.0515625
19 0.375 0.46796875 0.125 0.0625
19 0.6796875 0.47109375 0.1015625 0.059375
1 0.428125 0.5421875 0.1078125 0.06875
1 0.71171875 0.5671875 0.0953125 0.065625
45 0.45078125 0.71015625 0.115625 0.0609375
45 0.72890625 0.721875 0.096875 0.0609375
11 0.4375 0.7703125 0.1140625 0.059375
11 0.72109375 0.77109375 0.1015625 0.0546875
23 0.46640625 0.9328125 0.1140625 0.0578125
23 0.740625 0.93515625 0.09375 0.0578125