10 0.1078125 0.77890625 0.0515625 0.125
10 0.1203125 0.44921875 0.0515625 0.1390625
38 0.2109375 0.70859375 0.0546875 0.1203125
38 0.2671875 0.38984375 0.0546875 0.10625
51 0.27265625 0.68359375 0.0609375 0.1359375
51 0.3203125 0.37890625 0.0484375 0.1109375
15 0.3421875 0.6640625 0.0453125 0.125
15 0.37734375 0.35703125 0.0484375 0.1171875
48 0.38046875 0.63984375 0.0515625 0.1234375
48 0.43046875 0.33515625 0.0515625 0.109375
19 0.45078125 0.6140625 0.053125 0.1203125
19 0.49375 0.315625 0.0421875 0.1046875
1 0.53203125 0.57890625 0.0671875 0.1234375
1 0.59453125 0.296875 0.0546875 0.1015625
45 0.70078125 0.58203125 0.0625 0.115625
45 0.75078125 0.303125 0.0546875 0.1109375
11 0.76328125 0.59375 0.0609375 0.115625
11 0.79921875 0.31171875 0.05625 0.109375
23 0.92109375 0.59296875 0.053125 0.1171875
23 0.9609375 0.3203125 0.0515625 0.1078125