10 0.23203125 0.10234375 0.11640625 0.04140625
10 0.56328125 0.12109375 0.09765625 0.03828125
38 0.2984375 0.21171875 0.1140625 0.05
38 0.6125 0.2703125 0.09765625 0.04296875
51 0.31171875 0.265625 0.1140625 0.0484375
51 0.62578125 0.32578125 0.09921875 0.0484375
15 0.64140625 0.38359375 0.1046875 0.0453125
15 0.33359375 0.3390625 0.10703125 0.0390625
48 0.3578125 0.37734375 0.1109375 0.0421875
48 0.66640625 0.43046875 0.0921875 0.03671875
19 0.38125 0.4484375 0.1203125 0.04453125
19 0.68203125 0.49921875 0.0953125 0.0453125
1 0.42265625 0.53046875 0.10078125 0.05234375
1 0.6984375 0.59921875 0.0875 0.05234375
45 0.41875 0.7 0.10859375 0.04296875
45 0.69140625 0.7546875 0.08984375 0.04609375
11 0.39609375 0.75703125 0.11015625 0.0421875
11 0.67578125 0.80234375 0.09765625 0.040625
23 0.39921875 0.921875 0.11015625 0.040625
23 0.66953125 0.9671875 0.0875 0.0453125