23 0.778125 0.89921875 0.0671875 0.0890625
13 0.82734375 0.7765625 0.053125 0.078125
13 0.753125 0.5640625 0.05625 0.0828125
14 0.77109375 0.7140625 0.0640625 0.0671875
14 0.66484375 0.84453125 0.0671875 0.0625
0 0.6015625 0.7546875 0.0484375 0.0828125
0 0.60390625 0.5296875 0.0515625 0.0875
18 0.5640625 0.69296875 0.053125 0.084375
49 0.5109375 0.65390625 0.05 0.0765625
49 0.4953125 0.4328125 0.0515625 0.0859375
26 0.41875 0.4671875 0.046875 0.0859375
26 0.36015625 0.67421875 0.040625 0.0703125
21 0.378125 0.709375 0.046875 0.0828125
47 0.2640625 0.63671875 0.053125 0.0703125
47 0.37734375 0.46328125 0.059375 0.08125
41 0.29453125 0.2859375 0.05 0.1015625
41 0.23203125 0.5 0.0453125 0.0890625
6 0.20390625 0.47890625 0.0375 0.075
6 0.23828125 0.2515625 0.0390625 0.090625
6 0.103125 0.20625 0.0515625 0.0921875
6 0.0734375 0.43984375 0.0453125 0.0921875