10 0.09765625 0.7609375 0.0421875 0.115625
10 0.121875 0.43046875 0.0390625 0.096875
38 0.20859375 0.696875 0.0515625 0.115625
38 0.27265625 0.38359375 0.0453125 0.096875
51 0.2625 0.684375 0.05 0.115625
51 0.328125 0.37109375 0.05 0.1015625
15 0.3859375 0.35625 0.046875 0.1046875
15 0.3359375 0.66328125 0.040625 0.10625
48 0.375 0.63984375 0.04375 0.1109375
48 0.43359375 0.33203125 0.0390625 0.0921875
19 0.44609375 0.61796875 0.0453125 0.1203125
19 0.50234375 0.31796875 0.046875 0.0953125
1 0.52890625 0.578125 0.0546875 0.1015625
1 0.60234375 0.303125 0.0546875 0.0890625
45 0.6984375 0.584375 0.0453125 0.109375
45 0.7578125 0.31328125 0.0484375 0.0921875
11 0.75546875 0.60859375 0.04375 0.109375
11 0.80546875 0.3296875 0.0421875 0.096875
23 0.9203125 0.6078125 0.0421875 0.109375
23 0.9703125 0.33828125 0.046875 0.0875