23 0.13984375 0.17421875 0.0578125 0.084375
13 0.11875 0.30390625 0.04375 0.0734375
13 0.2390625 0.49375 0.0484375 0.078125
14 0.18828125 0.35234375 0.0578125 0.0609375
14 0.2625 0.20078125 0.0625 0.05625
0 0.34375 0.275 0.040625 0.0796875
0 0.39140625 0.49453125 0.0421875 0.084375
18 0.39375 0.3265625 0.0453125 0.0796875
49 0.4546875 0.35234375 0.040625 0.0734375
49 0.51953125 0.56484375 0.04375 0.08125
26 0.58671875 0.51328125 0.0375 0.0828125
26 0.596875 0.2984375 0.0328125 0.0671875
21 0.571875 0.26875 0.0390625 0.0796875
47 0.69921875 0.31328125 0.0453125 0.065625
47 0.628125 0.5078125 0.05 0.078125
41 0.7484375 0.6625 0.0390625 0.0984375
41 0.7609375 0.4390625 0.0359375 0.0859375
6 0.79296875 0.45390625 0.028125 0.0734375
6 0.8109375 0.68359375 0.0296875 0.0890625
6 0.953125 0.696875 0.0421875 0.0890625
6 0.92890625 0.4625 0.0359375 0.0890625