10 0.228125 0.103125 0.12421875 0.05
10 0.55703125 0.12109375 0.1375 0.0484375
38 0.296875 0.20703125 0.11796875 0.053125
38 0.6140625 0.26953125 0.1046875 0.05390625
51 0.3203125 0.26953125 0.13359375 0.059375
51 0.62421875 0.32265625 0.10859375 0.046875
15 0.3390625 0.3390625 0.12421875 0.04453125
15 0.6453125 0.3796875 0.11640625 0.046875
48 0.3625 0.378125 0.121875 0.05078125
48 0.66640625 0.43359375 0.1078125 0.05
19 0.38671875 0.4484375 0.11796875 0.0515625
19 0.684375 0.496875 0.1046875 0.03984375
1 0.4203125 0.53046875 0.12109375 0.06640625
1 0.7015625 0.5984375 0.09921875 0.053125
45 0.41484375 0.69921875 0.1140625 0.0609375
45 0.6921875 0.75390625 0.10859375 0.05234375
11 0.4015625 0.76171875 0.1140625 0.06015625
11 0.6828125 0.80234375 0.1078125 0.0546875
23 0.4 0.91953125 0.115625 0.0515625
23 0.671875 0.9640625 0.10546875 0.05