15 0.87265625 0.7640625 0.11875 0.053125
15 0.903125 0.56015625 0.1203125 0.0546875
15 0.5703125 0.50234375 0.109375 0.0484375
51 0.6703125 0.68828125 0.109375 0.053125
51 0.61875 0.88125 0.1171875 0.0671875
51 0.3125 0.7859375 0.09375 0.05625
38 0.35546875 0.67734375 0.0953125 0.0625
38 0.1 0.55234375 0.0921875 0.0578125
38 0.19609375 0.40390625 0.09375 0.053125
38 0.45546875 0.515625 0.1125 0.0609375
48 0.46796875 0.43828125 0.1015625 0.0515625
48 0.49140625 0.25390625 0.1 0.0546875
48 0.79375 0.48046875 0.121875 0.06875
48 0.81015625 0.28515625 0.13125 0.0671875