15 0.2421875 0.87734375 0.0515625 0.11875
15 0.446875 0.90390625 0.053125 0.1203125
15 0.4984375 0.5703125 0.046875 0.109375
51 0.31484375 0.6734375 0.0515625 0.109375
51 0.12109375 0.625 0.065625 0.1171875
51 0.2109375 0.3171875 0.0546875 0.09375
38 0.3203125 0.35859375 0.0609375 0.09375
38 0.440625 0.10078125 0.0546875 0.0921875
38 0.59140625 0.19453125 0.0515625 0.0921875
38 0.48359375 0.45625 0.059375 0.1125
48 0.5609375 0.4671875 0.05 0.1015625
48 0.74609375 0.48671875 0.053125 0.1
48 0.52421875 0.79296875 0.065625 0.121875
48 0.7203125 0.80625 0.0640625 0.1296875