6 0.28125 0.93984375 0.075 0.02421875
6 0.51328125 0.9328125 0.071875 0.025
6 0.53515625 0.796875 0.07109375 0.02109375
6 0.30234375 0.8 0.08203125 0.025
41 0.32421875 0.73828125 0.08984375 0.0359375
41 0.546875 0.76328125 0.06796875 0.034375
47 0.490625 0.62890625 0.0734375 0.046875
47 0.675 0.7078125 0.06015625 0.03828125
26 0.48125 0.5859375 0.06875 0.0265625
26 0.69609375 0.6078125 0.06328125 0.02734375
21 0.728125 0.58671875 0.06796875 0.03046875
49 0.65078125 0.46015625 0.06328125 0.03671875
49 0.43515625 0.51796875 0.075 0.040625
18 0.678125 0.4015625 0.06796875 0.0390625
0 0.50859375 0.39296875 0.078125 0.0359375
0 0.73046875 0.35859375 0.07265625 0.0359375
14 0.66640625 0.19609375 0.06171875 0.05546875
14 0.81015625 0.27890625 0.053125 0.04921875
13 0.52109375 0.23828125 0.0671875 0.04375
13 0.7140625 0.1296875 0.065625 0.0390625
23 0.840625 0.159375 0.06875 0.0453125