23 0.84453125 0.15703125 0.08203125 0.053125
13 0.715625 0.1296875 0.07109375 0.040625
13 0.51953125 0.23984375 0.0765625 0.04375
14 0.6640625 0.19609375 0.0578125 0.0546875
14 0.8109375 0.278125 0.053125 0.05859375
0 0.7328125 0.35546875 0.07890625 0.0359375
0 0.5109375 0.3921875 0.0828125 0.03828125
18 0.67890625 0.403125 0.07890625 0.03984375
49 0.65 0.4625 0.07109375 0.03671875
49 0.434375 0.51640625 0.0796875 0.0390625
26 0.48203125 0.5859375 0.08203125 0.0328125
26 0.69609375 0.60703125 0.065625 0.0296875
21 0.72734375 0.58359375 0.07734375 0.03515625
47 0.67578125 0.70859375 0.0640625 0.0421875
47 0.48515625 0.62734375 0.075 0.04609375
41 0.325 0.73984375 0.09609375 0.034375
41 0.546875 0.7640625 0.08515625 0.03125
6 0.53046875 0.7953125 0.07109375 0.02421875
6 0.30078125 0.80078125 0.0875 0.02578125
6 0.2796875 0.9421875 0.08828125 0.03671875
6 0.51484375 0.93046875 0.08828125 0.03046875